CI,RMSE,R2,MSE,MAE,SD,Pcc,AUC
test2016
0.831,1.1598,0.6663,1.3452,0.8906,1.1414,0.8511,0.8387
0.8378,1.1226,0.6752,1.2602,0.8589,1.1025,0.8619,0.8423
0.8438,1.1059,0.709,1.2231,0.8554,1.0869,0.8661,0.8669
0.8378,1.1211,0.6726,1.2569,0.8695,1.1024,0.8619,0.8283
0.8362,1.1216,0.6828,1.258,0.8655,1.1088,0.8602,0.8387
0.8353,1.1262,0.678,1.2683,0.8667,1.1111,0.8596,0.8247
0.8362,1.1607,0.6529,1.3473,0.8923,1.132,0.8538,0.8529
0.8419,1.103,0.6613,1.2166,0.848,1.0741,0.8695,0.8353
0.8382,1.1254,0.6603,1.2666,0.8761,1.1016,0.8621,0.8248
0.8356,1.1244,0.6757,1.2643,0.8736,1.1003,0.8625,0.8425

mean
0.8373799999999999,1.12707,0.67341,1.27065,0.86966,1.1061100000000001,0.86087,0.83951
0.0033712905540756893,0.018237272274109408,0.014746962399084075,0.041395488884659874,0.01349971851558393,0.0184996459425579,0.0050558975464303196,0.012355763837173322
CI,RMSE,R2,MSE,MAE,SD,Pcc,AUC
test2013
0.7902,1.4079,0.5769,1.9821,1.1279,1.3972,0.784,0.7639
0.7993,1.3698,0.5823,1.8763,1.0941,1.355,0.7985,0.831
0.8108,1.3121,0.617,1.7215,1.0679,1.2884,0.82,0.8152
0.8073,1.3245,0.6101,1.7542,1.0733,1.3107,0.813,0.8054
0.7958,1.3702,0.5875,1.8775,1.1045,1.3571,0.7978,0.8003
0.7984,1.3483,0.5945,1.818,1.0934,1.3312,0.8064,0.7947
0.7921,1.4105,0.5707,1.9896,1.153,1.3938,0.7852,0.7844
0.8131,1.3103,0.594,1.7168,1.0581,1.288,0.8201,0.8204
0.8043,1.3422,0.5834,1.8014,1.0945,1.3216,0.8095,0.795
0.8042,1.3242,0.6222,1.7534,1.0732,1.3119,0.8126,0.8307

mean
0.80155,1.3519999999999999,0.59386,1.82908,1.09399,1.3354899999999998,0.80471,0.8041
0.007299212286267611,0.03487815935510358,0.01646300094150516,0.09495245968378069,0.027517683405403146,0.03729738462680726,0.012342078431123334,0.020028729365588815
CI,RMSE,R2,MSE,MAE,SD,Pcc,AUC
CSAR
0.7576,1.5169,0.4742,2.3011,1.1717,1.5216,0.7079,0.7286
0.7909,1.3657,0.5251,1.8652,1.0608,1.3463,0.7807,0.7893
0.7919,1.3602,0.5476,1.8503,1.0823,1.3591,0.7759,0.775
0.7724,1.3914,0.5306,1.9359,1.0452,1.3898,0.7641,0.7607
0.7734,1.3603,0.5333,1.8503,1.052,1.3479,0.7801,0.7571
0.7791,1.3739,0.5402,1.8877,1.0607,1.3722,0.7709,0.7286
0.795,1.3287,0.5407,1.7654,1.0029,1.3111,0.7935,0.7607
0.7709,1.4003,0.5475,1.9608,1.0565,1.407,0.7573,0.775
0.7863,1.3448,0.5428,1.8086,1.0405,1.3356,0.7847,0.7643
0.7734,1.4088,0.5349,1.9847,1.113,1.4124,0.7551,0.7607

mean
0.77909,1.3851,0.53169,1.9209999999999998,1.06856,1.3802999999999999,0.7670199999999999,0.76
0.011167313911590386,0.04974490928728284,0.020353694996240845,0.14191701096063145,0.04357467613190029,0.05595246196549356,0.02281704625932112,0.018190052226423097
